1 0.359375 0.728515625 0.30078125 0.26171875
1 0.6376953125 0.83984375 0.32421875 0.2294921875
1 0.83203125 0.63671875 0.3251953125 0.19140625
1 0.8857421875 0.423828125 0.216796875 0.275390625
1 0.6552734375 0.17578125 0.197265625 0.2978515625
11 0.51171875 0.3056640625 0.134765625 0.146484375
11 0.357421875 0.3984375 0.18359375 0.1865234375
11 0.51171875 0.4814453125 0.1748046875 0.1591796875
11 0.669921875 0.44921875 0.1494140625 0.1435546875
11 0.62109375 0.646484375 0.14453125 0.1748046875
1 0.1474609375 0.5478515625 0.25390625 0.166015625
1 0.1474609375 0.408203125 0.203125 0.2041015625
1 0.310546875 0.1923828125 0.1357421875 0.134765625
1 0.4375 0.130859375 0.2158203125 0.1748046875