5 0.6533203125 0.748046875 0.091796875 0.1640625
5 0.5205078125 0.337890625 0.12109375 0.072265625
5 0.208984375 0.37890625 0.107421875 0.1015625
5 0.3505859375 0.33203125 0.11328125 0.107421875
5 0.5966796875 0.125 0.08203125 0.060546875
5 0.4287109375 0.1357421875 0.068359375 0.0625
5 0.296875 0.7822265625 0.078125 0.1328125
5 0.52734375 0.52734375 0.056640625 0.1171875
5 0.69140625 0.32421875 0.03125 0.03125
5 0.8603515625 0.2392578125 0.06640625 0.0703125
12 0.2783203125 0.50390625 0.099609375 0.107421875
12 0.107421875 0.5 0.0625 0.048828125
12 0.3603515625 0.1845703125 0.078125 0.08984375
12 0.626953125 0.5712890625 0.095703125 0.12890625
12 0.775390625 0.3544921875 0.1171875 0.064453125
12 0.5283203125 0.15234375 0.02734375 0.072265625
12 0.37109375 0.0947265625 0.056640625 0.091796875