2 0.5263671875 0.263671875 0.21875 0.205078125
2 0.7841796875 0.4130859375 0.166015625 0.173828125
2 0.8818359375 0.58984375 0.21484375 0.287109375
2 0.7529296875 0.701171875 0.15625 0.14453125
2 0.673828125 0.8662109375 0.1640625 0.203125
2 0.5087890625 0.8427734375 0.21875 0.21484375
2 0.09765625 0.7119140625 0.169921875 0.234375
2 0.2646484375 0.8291015625 0.20703125 0.21484375
2 0.23046875 0.642578125 0.193359375 0.240234375
2 0.125 0.458984375 0.25 0.25390625
2 0.1826171875 0.244140625 0.21484375 0.267578125
2 0.3125 0.2431640625 0.1953125 0.283203125
2 0.76953125 0.23046875 0.216796875 0.19921875