2 0.541015625 0.2880859375 0.19140625 0.181640625
2 0.7685546875 0.4384765625 0.14453125 0.154296875
2 0.849609375 0.6044921875 0.1875 0.2578125
2 0.7265625 0.7001953125 0.138671875 0.126953125
2 0.6455078125 0.845703125 0.142578125 0.1796875
2 0.49609375 0.8173828125 0.193359375 0.189453125
2 0.119140625 0.6796875 0.15625 0.208984375
2 0.2724609375 0.79296875 0.181640625 0.189453125
2 0.2529296875 0.62109375 0.16796875 0.212890625
2 0.15234375 0.44921875 0.2421875 0.220703125
2 0.2265625 0.2548828125 0.185546875 0.23828125
2 0.345703125 0.259765625 0.166015625 0.251953125
2 0.7646484375 0.2705078125 0.19140625 0.17578125