2 0.47265625 0.5322265625 0.10546875 0.123046875
2 0.5703125 0.4072265625 0.0947265625 0.12890625
2 0.6865234375 0.2802734375 0.0849609375 0.1171875
2 0.3349609375 0.54296875 0.1748046875 0.1357421875
2 0.353515625 0.744140625 0.0966796875 0.138671875
2 0.4765625 0.7255859375 0.078125 0.087890625
2 0.5341796875 0.66015625 0.0810546875 0.134765625
2 0.5771484375 0.544921875 0.0869140625 0.11328125
2 0.74609375 0.4951171875 0.1181640625 0.08203125
2 0.6533203125 0.435546875 0.1005859375 0.1005859375
2 0.736328125 0.6044921875 0.12109375 0.103515625
2 0.6572265625 0.7158203125 0.1103515625 0.095703125
2 0.4609375 0.3837890625 0.1103515625 0.07421875
2 0.4248046875 0.44140625 0.09765625 0.0810546875
2 0.5302734375 0.283203125 0.10546875 0.095703125
2 0.5224609375 0.330078125 0.091796875 0.06640625