2 0.4658203125 0.470703125 0.125 0.10546875
2 0.591796875 0.568359375 0.12890625 0.095703125
2 0.7197265625 0.6865234375 0.119140625 0.0859375
2 0.4541015625 0.3310546875 0.13671875 0.17578125
2 0.2509765625 0.349609375 0.140625 0.09765625
2 0.26953125 0.474609375 0.08984375 0.078125
2 0.3359375 0.5322265625 0.13671875 0.08203125
2 0.453125 0.576171875 0.115234375 0.087890625
2 0.5029296875 0.7470703125 0.08203125 0.119140625
2 0.5634765625 0.6533203125 0.1015625 0.1015625
2 0.3916015625 0.7373046875 0.10546875 0.12109375
2 0.2802734375 0.6572265625 0.09765625 0.111328125
2 0.6162109375 0.458984375 0.07421875 0.111328125
2 0.5576171875 0.421875 0.08203125 0.09765625
2 0.7177734375 0.5283203125 0.09765625 0.10546875
2 0.669921875 0.5205078125 0.06640625 0.09375