5 0.1884765625 0.48046875 0.138671875 0.15234375
5 0.357421875 0.322265625 0.16015625 0.1181640625
5 0.537109375 0.4677734375 0.126953125 0.0908203125
5 0.6689453125 0.4150390625 0.09765625 0.109375
5 0.7958984375 0.669921875 0.1259765625 0.111328125
5 0.1904296875 0.7470703125 0.0576171875 0.119140625
5 0.525390625 0.318359375 0.0439453125 0.1328125
12 0.40234375 0.806640625 0.158203125 0.2431640625
12 0.29296875 0.640625 0.19140625 0.0947265625
12 0.599609375 0.7255859375 0.1923828125 0.22265625
12 0.7783203125 0.314453125 0.0400390625 0.11328125
12 0.8046875 0.5048828125 0.123046875 0.0927734375