1 0.5927734375 0.70703125 0.216796875 0.28515625
1 0.697265625 0.7060546875 0.205078125 0.3203125
1 0.8798828125 0.583984375 0.240234375 0.3828125
1 0.3037109375 0.8154296875 0.201171875 0.267578125
1 0.439453125 0.7939453125 0.2265625 0.251953125
1 0.47265625 0.63671875 0.203125 0.21484375
1 0.2578125 0.6103515625 0.29296875 0.2890625
1 0.3037109375 0.41015625 0.216796875 0.259765625
1 0.521484375 0.431640625 0.2578125 0.23828125
1 0.638671875 0.404296875 0.267578125 0.287109375
1 0.755859375 0.2666015625 0.2109375 0.234375
1 0.1630859375 0.3564453125 0.265625 0.248046875
1 0.4326171875 0.2607421875 0.24609375 0.259765625
1 0.44140625 0.0869140625 0.16796875 0.173828125