1 0.6357421875 0.71484375 0.171875 0.267578125
1 0.7412109375 0.689453125 0.150390625 0.310546875
1 0.90625 0.51953125 0.1875 0.37109375
1 0.36328125 0.8828125 0.16015625 0.232421875
1 0.4990234375 0.83984375 0.19140625 0.23046875
1 0.4951171875 0.671875 0.17578125 0.19140625
1 0.2685546875 0.6962890625 0.2578125 0.25390625
1 0.2685546875 0.48046875 0.1796875 0.2421875
1 0.49609375 0.451171875 0.234375 0.203125
1 0.6103515625 0.3955078125 0.228515625 0.2578125
1 0.697265625 0.2275390625 0.181640625 0.212890625
1 0.115234375 0.4580078125 0.23046875 0.212890625
1 0.3662109375 0.2978515625 0.2109375 0.23046875
1 0.33203125 0.1123046875 0.140625 0.16796875