12 0.3515625 0.4580078125 0.1201171875 0.1015625
12 0.611328125 0.5703125 0.0888671875 0.1162109375
12 0.509765625 0.607421875 0.10546875 0.064453125
12 0.5478515625 0.193359375 0.1484375 0.0751953125
12 0.7470703125 0.3046875 0.078125 0.08203125
12 0.1640625 0.2421875 0.1357421875 0.1162109375
12 0.8583984375 0.6435546875 0.06640625 0.1357421875
5 0.40234375 0.32421875 0.1142578125 0.0732421875
5 0.2119140625 0.5732421875 0.078125 0.10546875
5 0.3291015625 0.658203125 0.10546875 0.0615234375
5 0.5439453125 0.82421875 0.23046875 0.0673828125
5 0.552734375 0.716796875 0.1630859375 0.11328125
5 0.658203125 0.40234375 0.17578125 0.0830078125