12 0.5068359375 0.6611328125 0.13671875 0.15234375
12 0.5693359375 0.359375 0.142578125 0.12109375
12 0.6318359375 0.458984375 0.091796875 0.126953125
12 0.1796875 0.51171875 0.11328125 0.17578125
12 0.25390625 0.2734375 0.10546875 0.103515625
12 0.3193359375 0.9111328125 0.154296875 0.171875
12 0.58984375 0.078125 0.16015625 0.1015625
5 0.3525390625 0.6376953125 0.103515625 0.138671875
5 0.662109375 0.7841796875 0.130859375 0.107421875
5 0.7265625 0.6396484375 0.08984375 0.126953125
5 0.85546875 0.373046875 0.125 0.26171875
5 0.73828125 0.3876953125 0.158203125 0.19921875
5 0.37890625 0.3466796875 0.126953125 0.205078125