5 0.4541015625 0.2177734375 0.05859375 0.109375
5 0.3154296875 0.4677734375 0.09765625 0.10546875
5 0.4716796875 0.8056640625 0.1416015625 0.09375
5 0.80859375 0.58203125 0.087890625 0.119140625
5 0.2177734375 0.6142578125 0.0927734375 0.1279296875
5 0.6123046875 0.1884765625 0.0556640625 0.091796875
5 0.751953125 0.947265625 0.0458984375 0.068359375
5 0.806640625 0.4208984375 0.0322265625 0.0751953125
12 0.1904296875 0.8671875 0.1318359375 0.1552734375
12 0.294921875 0.3525390625 0.0732421875 0.087890625
12 0.751953125 0.20703125 0.0791015625 0.0888671875
12 0.927734375 0.5341796875 0.0712890625 0.1201171875
12 0.93359375 0.759765625 0.08984375 0.18359375
12 0.3115234375 0.216796875 0.0830078125 0.0791015625