5 0.8193359375 0.466796875 0.119140625 0.07421875
5 0.57421875 0.294921875 0.119140625 0.11328125
5 0.205078125 0.419921875 0.11328125 0.158203125
5 0.4013671875 0.794921875 0.134765625 0.103515625
5 0.431640625 0.1767578125 0.142578125 0.111328125
5 0.8330078125 0.6328125 0.103515625 0.068359375
5 0.03125 0.6943359375 0.0625 0.056640625
5 0.568359375 0.810546875 0.08203125 0.041015625
12 0.171875 0.1220703125 0.17578125 0.15234375
12 0.6962890625 0.2861328125 0.099609375 0.087890625
12 0.7978515625 0.7763671875 0.1015625 0.091796875
12 0.4375 0.9248046875 0.1328125 0.0859375
12 0.203125 0.904296875 0.19921875 0.11328125
12 0.8349609375 0.3173828125 0.08984375 0.09375