5 0.2255859375 0.6025390625 0.12109375 0.078125
5 0.5009765625 0.6923828125 0.125 0.1171875
5 0.8076171875 0.470703125 0.12109375 0.16015625
5 0.5205078125 0.1796875 0.13671875 0.111328125
5 0.666015625 0.7607421875 0.14453125 0.1171875
5 0.166015625 0.4501953125 0.103515625 0.07421875
5 0.89453125 0.1650390625 0.078125 0.05859375
5 0.359375 0.2119140625 0.080078125 0.044921875
12 0.9169921875 0.73828125 0.166015625 0.16015625
12 0.390625 0.734375 0.1015625 0.08984375
12 0.1572265625 0.3076171875 0.103515625 0.095703125
12 0.44921875 0.0693359375 0.1328125 0.09375
12 0.6728515625 0.041015625 0.201171875 0.08203125
12 0.251953125 0.7451171875 0.095703125 0.09765625