5 0.3623046875 0.529296875 0.171875 0.201171875
5 0.666015625 0.7529296875 0.154296875 0.154296875
5 0.7333984375 0.9072265625 0.173828125 0.185546875
5 0.8388671875 0.8173828125 0.162109375 0.15625
12 0.8115234375 0.6533203125 0.22265625 0.240234375
12 0.0849609375 0.845703125 0.169921875 0.23828125
12 0.4111328125 0.130859375 0.107421875 0.126953125
12 0.29296875 0.21484375 0.109375 0.15625
12 0.5 0.203125 0.103515625 0.11328125
12 0.3798828125 0.6865234375 0.1171875 0.15625
12 0.24609375 0.4677734375 0.1015625 0.18359375
5 0.265625 0.6357421875 0.193359375 0.16796875