5 0.546875 0.607421875 0.1796875 0.1474609375
5 0.734375 0.2998046875 0.1357421875 0.1357421875
5 0.8837890625 0.220703125 0.18359375 0.150390625
5 0.78125 0.1298828125 0.1376953125 0.1435546875
12 0.6279296875 0.1689453125 0.212890625 0.1943359375
12 0.8720703125 0.87109375 0.2119140625 0.197265625
12 0.1650390625 0.59375 0.1142578125 0.09375
12 0.255859375 0.69921875 0.1416015625 0.09375
12 0.2265625 0.5029296875 0.099609375 0.08984375
12 0.6953125 0.5771484375 0.140625 0.099609375
12 0.498046875 0.72265625 0.1689453125 0.0830078125
5 0.65625 0.6904296875 0.1455078125 0.173828125