11 0.65625 0.33203125 0.15234375 0.142578125
11 0.7705078125 0.40625 0.1572265625 0.1357421875
11 0.841796875 0.5185546875 0.1865234375 0.1669921875
11 0.8515625 0.6748046875 0.19140625 0.1181640625
11 0.7626953125 0.7646484375 0.173828125 0.12890625
11 0.638671875 0.8359375 0.203125 0.1669921875
11 0.4755859375 0.8515625 0.18359375 0.185546875
11 0.318359375 0.8095703125 0.259765625 0.1494140625
11 0.2333984375 0.7060546875 0.201171875 0.123046875
11 0.189453125 0.5712890625 0.1826171875 0.1201171875
11 0.2216796875 0.4638671875 0.14453125 0.1337890625
11 0.337890625 0.36328125 0.1279296875 0.158203125
11 0.509765625 0.3291015625 0.1494140625 0.140625