11 0.34375 0.3193359375 0.150390625 0.162109375
11 0.4228515625 0.203125 0.142578125 0.166015625
11 0.5419921875 0.1298828125 0.177734375 0.19921875
11 0.705078125 0.1220703125 0.126953125 0.201171875
11 0.796875 0.2158203125 0.138671875 0.18359375
11 0.869140625 0.34765625 0.177734375 0.21484375
11 0.8828125 0.517578125 0.197265625 0.1953125
11 0.8359375 0.6806640625 0.16015625 0.271484375
11 0.7255859375 0.7666015625 0.1328125 0.2109375
11 0.5849609375 0.8115234375 0.12890625 0.193359375
11 0.4736328125 0.7763671875 0.142578125 0.15234375
11 0.3701171875 0.65234375 0.166015625 0.134765625
11 0.337890625 0.4716796875 0.1484375 0.158203125