11 0.4775390625 0.78125 0.1953125 0.154296875
11 0.62109375 0.763671875 0.20703125 0.1826171875
11 0.744140625 0.7333984375 0.25390625 0.1591796875
11 0.7861328125 0.6298828125 0.244140625 0.1416015625
11 0.8623046875 0.576171875 0.1904296875 0.14453125
11 0.8671875 0.4755859375 0.265625 0.126953125
11 0.8603515625 0.3955078125 0.2626953125 0.12109375
11 0.822265625 0.328125 0.279296875 0.146484375
11 0.4296875 0.15234375 0.1611328125 0.1259765625
11 0.3076171875 0.212890625 0.2021484375 0.1142578125
11 0.189453125 0.291015625 0.2451171875 0.09765625
11 0.123046875 0.44140625 0.24609375 0.1396484375
11 0.109375 0.5458984375 0.2177734375 0.1376953125
11 0.126953125 0.619140625 0.212890625 0.14453125
11 0.2001953125 0.67578125 0.19921875 0.1748046875