2 0.5947265625 0.4970703125 0.2021484375 0.2216796875
2 0.7509765625 0.466796875 0.169921875 0.2373046875
2 0.7470703125 0.59765625 0.14453125 0.1513671875
2 0.677734375 0.654296875 0.18359375 0.14453125
2 0.6650390625 0.7666015625 0.140625 0.1513671875
2 0.46484375 0.6552734375 0.2109375 0.1396484375
2 0.5361328125 0.74609375 0.236328125 0.15625
2 0.3603515625 0.755859375 0.224609375 0.1513671875
2 0.31640625 0.6201171875 0.1279296875 0.16796875
2 0.2001953125 0.65234375 0.1416015625 0.1689453125
2 0.2216796875 0.5107421875 0.1630859375 0.1748046875