1 0.3662109375 0.521484375 0.166015625 0.208984375
1 0.4541015625 0.3203125 0.189453125 0.177734375
1 0.4716796875 0.6591796875 0.173828125 0.298828125
1 0.759765625 0.6552734375 0.232421875 0.244140625
1 0.900390625 0.5966796875 0.181640625 0.19921875
1 0.83203125 0.4111328125 0.203125 0.216796875
1 0.7021484375 0.27734375 0.17578125 0.2578125
1 0.6376953125 0.103515625 0.162109375 0.20703125
1 0.3994140625 0.0859375 0.12890625 0.16796875
1 0.3203125 0.205078125 0.123046875 0.216796875
1 0.224609375 0.3408203125 0.154296875 0.294921875
1 0.3203125 0.7216796875 0.134765625 0.146484375
1 0.1298828125 0.6298828125 0.2421875 0.28515625
1 0.4052734375 0.896484375 0.177734375 0.20703125