1 0.4970703125 0.3671875 0.189453125 0.142578125
1 0.68359375 0.4716796875 0.1572265625 0.169921875
1 0.3515625 0.455078125 0.27734375 0.142578125
1 0.3271484375 0.7353515625 0.2177734375 0.20703125
1 0.3701171875 0.8779296875 0.1796875 0.1591796875
1 0.556640625 0.83203125 0.193359375 0.1796875
1 0.69921875 0.71875 0.23828125 0.1474609375
1 0.8837890625 0.67578125 0.2080078125 0.13671875
1 0.9169921875 0.4443359375 0.154296875 0.1123046875
1 0.8095703125 0.3544921875 0.201171875 0.0986328125
1 0.6875 0.248046875 0.2763671875 0.12109375
1 0.3076171875 0.3017578125 0.1318359375 0.1181640625
1 0.4150390625 0.1259765625 0.2578125 0.2099609375
1 0.1123046875 0.3662109375 0.220703125 0.15234375