3 0.4091796875 0.6845703125 0.087890625 0.091796875
3 0.7880859375 0.4765625 0.07421875 0.08984375
3 0.8505859375 0.7080078125 0.076171875 0.076171875
3 0.580078125 0.724609375 0.083984375 0.0859375
3 0.501953125 0.6416015625 0.048828125 0.09765625
3 0.3310546875 0.51953125 0.072265625 0.111328125
3 0.5439453125 0.171875 0.064453125 0.091796875
3 0.3271484375 0.1748046875 0.064453125 0.052734375
3 0.529296875 0.9228515625 0.060546875 0.119140625
3 0.7421875 0.8984375 0.064453125 0.078125
3 0.083984375 0.638671875 0.103515625 0.087890625