3 0.5205078125 0.4990234375 0.1123046875 0.0966796875
3 0.6943359375 0.4658203125 0.1396484375 0.0986328125
3 0.3203125 0.384765625 0.1552734375 0.0908203125
3 0.4814453125 0.3837890625 0.1279296875 0.1083984375
3 0.6484375 0.322265625 0.185546875 0.1044921875
3 0.373046875 0.166015625 0.1337890625 0.0517578125
3 0.560546875 0.87890625 0.193359375 0.1396484375
3 0.7763671875 0.8251953125 0.2197265625 0.1328125
3 0.90234375 0.724609375 0.1953125 0.08203125
3 0.580078125 0.658203125 0.2666015625 0.099609375
3 0.3642578125 0.564453125 0.23046875 0.1337890625