3 0.4755859375 0.5029296875 0.11328125 0.09765625
3 0.2998046875 0.5361328125 0.140625 0.09765625
3 0.677734375 0.6181640625 0.15625 0.08984375
3 0.5146484375 0.619140625 0.12890625 0.109375
3 0.3466796875 0.6796875 0.1875 0.10546875
3 0.623046875 0.8369140625 0.134765625 0.052734375
3 0.4345703125 0.12109375 0.1953125 0.140625
3 0.216796875 0.1748046875 0.22265625 0.1328125
3 0.09375 0.2744140625 0.1875 0.083984375
3 0.4150390625 0.341796875 0.26953125 0.099609375
3 0.6328125 0.4365234375 0.232421875 0.134765625