5 0.505859 0.618164 0.166016 0.113281
5 0.441406 0.439453 0.117188 0.138672
5 0.330078 0.658203 0.138672 0.169922
5 0.534180 0.753906 0.173828 0.185547
5 0.662109 0.541016 0.175781 0.125000
5 0.716797 0.240234 0.142578 0.199219
5 0.718750 0.373047 0.240234 0.183594
5 0.554688 0.200195 0.171875 0.130859
3 0.764648 0.689453 0.216797 0.158203
3 0.822266 0.542969 0.125000 0.158203
3 0.273438 0.460938 0.109375 0.193359
3 0.535156 0.071289 0.296875 0.142578
3 0.342773 0.930664 0.103516 0.105469
3 0.175781 0.501953 0.085938 0.119141
3 0.221680 0.365234 0.160156 0.314453
3 0.291992 0.160156 0.173828 0.238281
3 0.833008 0.264648 0.232422 0.285156
