1 0.509766 0.603516 0.210938 0.162109
1 0.303711 0.497070 0.175781 0.189453
1 0.662109 0.502930 0.306641 0.164062
1 0.678711 0.199219 0.244141 0.232422
1 0.627930 0.068359 0.197266 0.136719
1 0.426758 0.104492 0.216797 0.201172
1 0.277344 0.232422 0.263672 0.169922
1 0.096680 0.285156 0.193359 0.156250
1 0.068359 0.536133 0.136719 0.125000
1 0.170898 0.628906 0.222656 0.113281
1 0.307617 0.739258 0.304688 0.140625
1 0.715820 0.666992 0.146484 0.134766
1 0.606445 0.860352 0.287109 0.236328
1 0.901367 0.590820 0.197266 0.169922
