1 0.635742 0.714844 0.171875 0.267578
1 0.741211 0.689453 0.150391 0.310547
1 0.906250 0.519531 0.187500 0.371094
1 0.363281 0.882812 0.160156 0.232422
1 0.499023 0.839844 0.191406 0.230469
1 0.495117 0.671875 0.175781 0.191406
1 0.268555 0.696289 0.257812 0.253906
1 0.268555 0.480469 0.179688 0.242188
1 0.496094 0.451172 0.234375 0.203125
1 0.610352 0.395508 0.228516 0.257812
1 0.697266 0.227539 0.181641 0.212891
1 0.115234 0.458008 0.230469 0.212891
1 0.366211 0.297852 0.210938 0.230469
1 0.332031 0.112305 0.140625 0.167969
