12 0.438477 0.626953 0.123047 0.140625
12 0.594727 0.379883 0.134766 0.109375
12 0.617188 0.490234 0.082031 0.119141
12 0.198242 0.382812 0.101562 0.164062
12 0.345703 0.196289 0.097656 0.093750
12 0.186523 0.783203 0.140625 0.158203
12 0.709961 0.138672 0.150391 0.089844
5 0.308594 0.553711 0.093750 0.126953
5 0.533203 0.789062 0.121094 0.097656
5 0.639648 0.682617 0.080078 0.117188
5 0.844727 0.490234 0.107422 0.246094
5 0.736328 0.462891 0.142578 0.183594
5 0.430664 0.303711 0.113281 0.193359
