1 0.497070 0.367188 0.189453 0.142578
1 0.683594 0.471680 0.157227 0.169922
1 0.351562 0.455078 0.277344 0.142578
1 0.327148 0.735352 0.217773 0.207031
1 0.370117 0.877930 0.179688 0.159180
1 0.556641 0.832031 0.193359 0.179688
1 0.699219 0.718750 0.238281 0.147461
1 0.883789 0.675781 0.208008 0.136719
1 0.916992 0.444336 0.154297 0.112305
1 0.809570 0.354492 0.201172 0.098633
1 0.687500 0.248047 0.276367 0.121094
1 0.307617 0.301758 0.131836 0.118164
1 0.415039 0.125977 0.257812 0.209961
1 0.112305 0.366211 0.220703 0.152344
