1 0.359375 0.728516 0.300781 0.261719
1 0.637695 0.839844 0.324219 0.229492
1 0.832031 0.636719 0.325195 0.191406
1 0.885742 0.423828 0.216797 0.275391
1 0.655273 0.175781 0.197266 0.297852
11 0.511719 0.305664 0.134766 0.146484
11 0.357422 0.398438 0.183594 0.186523
11 0.511719 0.481445 0.174805 0.159180
11 0.669922 0.449219 0.149414 0.143555
11 0.621094 0.646484 0.144531 0.174805
1 0.147461 0.547852 0.253906 0.166016
1 0.147461 0.408203 0.203125 0.204102
1 0.310547 0.192383 0.135742 0.134766
1 0.437500 0.130859 0.215820 0.174805
