5 0.583008 0.446289 0.111328 0.164062
5 0.456055 0.585938 0.136719 0.115234
5 0.700195 0.581055 0.169922 0.136719
5 0.689453 0.357422 0.185547 0.173828
5 0.443359 0.343750 0.125000 0.175781
5 0.152344 0.437500 0.199219 0.140625
5 0.269531 0.373047 0.181641 0.240234
5 0.193359 0.598633 0.130859 0.169922
3 0.526367 0.185547 0.156250 0.214844
3 0.370117 0.203125 0.156250 0.125000
3 0.553711 0.723633 0.193359 0.109375
3 0.081055 0.682617 0.162109 0.292969
3 0.940430 0.442383 0.119141 0.103516
3 0.635742 0.790039 0.117188 0.083984
3 0.493164 0.813477 0.312500 0.158203
3 0.281250 0.847656 0.238281 0.173828
3 0.130859 0.324219 0.261719 0.230469
