12 0.259766 0.597656 0.105469 0.183594
12 0.587891 0.570312 0.068359 0.128906
12 0.785156 0.708984 0.097656 0.132812
12 0.508789 0.247070 0.062500 0.087891
12 0.708008 0.932617 0.123047 0.101562
12 0.756836 0.416016 0.044922 0.072266
5 0.567383 0.412109 0.123047 0.126953
5 0.397461 0.886719 0.058594 0.087891
5 0.647461 0.747070 0.062500 0.068359
5 0.375000 0.320312 0.111328 0.119141
5 0.692383 0.583984 0.064453 0.085938
5 0.693359 0.341797 0.058594 0.099609
5 0.908203 0.615234 0.091797 0.083984
5 0.617188 0.271484 0.046875 0.058594
5 0.395508 0.734375 0.087891 0.080078
