5 0.468750 0.572266 0.062500 0.093750
5 0.270508 0.652344 0.054688 0.125000
5 0.396484 0.709961 0.070312 0.086914
5 0.532227 0.893555 0.096680 0.077148
5 0.726562 0.490234 0.067383 0.164062
5 0.747070 0.719727 0.076172 0.083008
5 0.240234 0.338867 0.076172 0.142578
12 0.338867 0.473633 0.114258 0.124023
12 0.603516 0.385742 0.074219 0.147461
12 0.530273 0.376953 0.110352 0.078125
12 0.609375 0.683594 0.066406 0.227539
12 0.535156 0.180664 0.041016 0.072266
12 0.342773 0.844727 0.121094 0.096680
