11 0.496094 0.827148 0.230469 0.189453
11 0.656250 0.821289 0.248047 0.222656
11 0.794922 0.800781 0.294922 0.199219
11 0.850586 0.688477 0.283203 0.181641
11 0.912109 0.633789 0.169922 0.175781
11 0.901367 0.521484 0.197266 0.156250
11 0.901367 0.431641 0.197266 0.152344
11 0.877930 0.353516 0.244141 0.183594
11 0.502930 0.125977 0.191406 0.156250
11 0.363281 0.181641 0.236328 0.146484
11 0.223633 0.255859 0.281250 0.132812
11 0.139648 0.417969 0.277344 0.179688
11 0.118164 0.531250 0.236328 0.171875
11 0.123047 0.613281 0.246094 0.179688
11 0.198242 0.684570 0.238281 0.214844
