5 0.192383 0.618164 0.160156 0.082031
5 0.604492 0.514648 0.064453 0.115234
5 0.584961 0.206055 0.095703 0.101562
5 0.622070 0.347656 0.099609 0.105469
5 0.808594 0.605469 0.054688 0.076172
5 0.809570 0.437500 0.056641 0.064453
5 0.183594 0.264648 0.128906 0.068359
5 0.416992 0.507812 0.115234 0.048828
5 0.606445 0.685547 0.029297 0.029297
5 0.677734 0.856445 0.066406 0.062500
12 0.458008 0.265625 0.101562 0.091797
12 0.473633 0.097656 0.044922 0.060547
12 0.766602 0.368164 0.085938 0.070312
12 0.367188 0.603516 0.121094 0.087891
12 0.571289 0.765625 0.054688 0.111328
12 0.787109 0.535156 0.070312 0.023438
12 0.853516 0.384766 0.087891 0.048828
