5 0.443359 0.189453 0.138672 0.083984
5 0.518555 0.291992 0.187500 0.119141
5 0.261719 0.286133 0.130859 0.082031
5 0.248047 0.414062 0.083984 0.066406
5 0.337891 0.397461 0.070312 0.078125
5 0.692383 0.443359 0.119141 0.093750
5 0.650391 0.616211 0.175781 0.087891
12 0.235352 0.569336 0.173828 0.132812
5 0.343750 0.807617 0.140625 0.126953
5 0.383789 0.336914 0.046875 0.058594
5 0.195312 0.712891 0.128906 0.080078
5 0.667969 0.282227 0.117188 0.095703
12 0.357422 0.680664 0.179688 0.136719
12 0.819336 0.350586 0.093750 0.097656
