5 0.382812 0.445312 0.064453 0.258789
5 0.387695 0.695312 0.040039 0.172852
5 0.584961 0.825195 0.031250 0.128906
5 0.599609 0.229492 0.080078 0.092773
5 0.430664 0.349609 0.040039 0.178711
5 0.690430 0.389648 0.095703 0.085938
12 0.491211 0.780273 0.056641 0.151367
12 0.609375 0.605469 0.130859 0.103516
12 0.685547 0.485352 0.103516 0.099609
12 0.291016 0.651367 0.088867 0.225586
12 0.466797 0.131836 0.069336 0.083008
12 0.717773 0.265625 0.064453 0.108398
12 0.656250 0.732422 0.060547 0.067383
