12 0.450195 0.251953 0.164062 0.097656
12 0.479492 0.544922 0.115234 0.062500
12 0.359375 0.722656 0.119141 0.089844
12 0.765625 0.468750 0.078125 0.056641
12 0.153320 0.659180 0.103516 0.113281
12 0.619141 0.692383 0.064453 0.041016
5 0.619141 0.524414 0.115234 0.111328
5 0.194336 0.379883 0.080078 0.054688
5 0.322266 0.600586 0.062500 0.058594
5 0.699219 0.350586 0.107422 0.101562
5 0.468750 0.638672 0.078125 0.060547
5 0.685547 0.635742 0.089844 0.052734
5 0.444336 0.832031 0.076172 0.082031
5 0.747070 0.565430 0.052734 0.042969
5 0.330078 0.375977 0.072266 0.080078
