11 0.656250 0.332031 0.152344 0.142578
11 0.770508 0.406250 0.157227 0.135742
11 0.841797 0.518555 0.186523 0.166992
11 0.851562 0.674805 0.191406 0.118164
11 0.762695 0.764648 0.173828 0.128906
11 0.638672 0.835938 0.203125 0.166992
11 0.475586 0.851562 0.183594 0.185547
11 0.318359 0.809570 0.259766 0.149414
11 0.233398 0.706055 0.201172 0.123047
11 0.189453 0.571289 0.182617 0.120117
11 0.221680 0.463867 0.144531 0.133789
11 0.337891 0.363281 0.127930 0.158203
11 0.509766 0.329102 0.149414 0.140625
