5 0.819336 0.466797 0.119141 0.074219
5 0.574219 0.294922 0.119141 0.113281
5 0.205078 0.419922 0.113281 0.158203
5 0.401367 0.794922 0.134766 0.103516
5 0.431641 0.176758 0.142578 0.111328
5 0.833008 0.632812 0.103516 0.068359
5 0.031250 0.694336 0.062500 0.056641
5 0.568359 0.810547 0.082031 0.041016
12 0.171875 0.122070 0.175781 0.152344
12 0.696289 0.286133 0.099609 0.087891
12 0.797852 0.776367 0.101562 0.091797
12 0.437500 0.924805 0.132812 0.085938
12 0.203125 0.904297 0.199219 0.113281
12 0.834961 0.317383 0.089844 0.093750
