12 0.506836 0.661133 0.136719 0.152344
12 0.569336 0.359375 0.142578 0.121094
12 0.631836 0.458984 0.091797 0.126953
12 0.179688 0.511719 0.113281 0.175781
12 0.253906 0.273438 0.105469 0.103516
12 0.319336 0.911133 0.154297 0.171875
12 0.589844 0.078125 0.160156 0.101562
5 0.352539 0.637695 0.103516 0.138672
5 0.662109 0.784180 0.130859 0.107422
5 0.726562 0.639648 0.089844 0.126953
5 0.855469 0.373047 0.125000 0.261719
5 0.738281 0.387695 0.158203 0.199219
5 0.378906 0.346680 0.126953 0.205078
