11 0.477539 0.781250 0.195312 0.154297
11 0.621094 0.763672 0.207031 0.182617
11 0.744141 0.733398 0.253906 0.159180
11 0.786133 0.629883 0.244141 0.141602
11 0.862305 0.576172 0.190430 0.144531
11 0.867188 0.475586 0.265625 0.126953
11 0.860352 0.395508 0.262695 0.121094
11 0.822266 0.328125 0.279297 0.146484
11 0.429688 0.152344 0.161133 0.125977
11 0.307617 0.212891 0.202148 0.114258
11 0.189453 0.291016 0.245117 0.097656
11 0.123047 0.441406 0.246094 0.139648
11 0.109375 0.545898 0.217773 0.137695
11 0.126953 0.619141 0.212891 0.144531
11 0.200195 0.675781 0.199219 0.174805
