11 0.343750 0.319336 0.150391 0.162109
11 0.422852 0.203125 0.142578 0.166016
11 0.541992 0.129883 0.177734 0.199219
11 0.705078 0.122070 0.126953 0.201172
11 0.796875 0.215820 0.138672 0.183594
11 0.869141 0.347656 0.177734 0.214844
11 0.882812 0.517578 0.197266 0.195312
11 0.835938 0.680664 0.160156 0.271484
11 0.725586 0.766602 0.132812 0.210938
11 0.584961 0.811523 0.128906 0.193359
11 0.473633 0.776367 0.142578 0.152344
11 0.370117 0.652344 0.166016 0.134766
11 0.337891 0.471680 0.148438 0.158203
