1 0.650390625 0.27734375 0.32421875 0.287109375
1 0.376953125 0.14453125 0.345703125 0.255859375
1 0.171875 0.3408203125 0.3359375 0.21484375
1 0.107421875 0.55078125 0.21484375 0.29296875
1 0.3115234375 0.81640625 0.22265625 0.31640625
11 0.4658203125 0.6953125 0.146484375 0.158203125
11 0.62890625 0.61328125 0.201171875 0.203125
11 0.478515625 0.5166015625 0.1875 0.171875
11 0.31640625 0.5390625 0.162109375 0.154296875
11 0.37890625 0.3427734375 0.158203125 0.1875
1 0.853515625 0.4755859375 0.26953125 0.1875
1 0.8427734375 0.6171875 0.220703125 0.220703125
1 0.6611328125 0.82421875 0.146484375 0.146484375
1 0.529296875 0.8779296875 0.23046875 0.193359375