1 0.7099609375 0.298828125 0.361328125 0.322265625
1 0.4228515625 0.1435546875 0.380859375 0.287109375
1 0.19140625 0.337890625 0.37109375 0.248046875
1 0.1181640625 0.560546875 0.236328125 0.32421875
1 0.3193359375 0.8388671875 0.25 0.306640625
11 0.48828125 0.7353515625 0.166015625 0.177734375
11 0.66796875 0.65625 0.22265625 0.2265625
11 0.51171875 0.5458984375 0.2109375 0.193359375
11 0.3359375 0.5595703125 0.181640625 0.17578125
11 0.416015625 0.3525390625 0.1796875 0.208984375
1 0.8837890625 0.51953125 0.232421875 0.20703125
1 0.884765625 0.6728515625 0.21875 0.244140625
1 0.69140625 0.8857421875 0.166015625 0.166015625
1 0.5478515625 0.9130859375 0.255859375 0.173828125