5 0.1923828125 0.6181640625 0.16015625 0.08203125
5 0.6044921875 0.5146484375 0.064453125 0.115234375
5 0.5849609375 0.2060546875 0.095703125 0.1015625
5 0.6220703125 0.34765625 0.099609375 0.10546875
5 0.80859375 0.60546875 0.0546875 0.076171875
5 0.8095703125 0.4375 0.056640625 0.064453125
5 0.18359375 0.2646484375 0.12890625 0.068359375
5 0.4169921875 0.5078125 0.115234375 0.048828125
5 0.6064453125 0.685546875 0.029296875 0.029296875
5 0.677734375 0.8564453125 0.06640625 0.0625
12 0.4580078125 0.265625 0.1015625 0.091796875
12 0.4736328125 0.09765625 0.044921875 0.060546875
12 0.7666015625 0.3681640625 0.0859375 0.0703125
12 0.3671875 0.603515625 0.12109375 0.087890625
12 0.5712890625 0.765625 0.0546875 0.111328125
12 0.787109375 0.53515625 0.0703125 0.0234375
12 0.853515625 0.384765625 0.087890625 0.048828125