5 0.3828125 0.4453125 0.064453125 0.2587890625
5 0.3876953125 0.6953125 0.0400390625 0.1728515625
5 0.5849609375 0.8251953125 0.03125 0.12890625
5 0.599609375 0.2294921875 0.080078125 0.0927734375
5 0.4306640625 0.349609375 0.0400390625 0.1787109375
5 0.6904296875 0.3896484375 0.095703125 0.0859375
12 0.4912109375 0.7802734375 0.056640625 0.1513671875
12 0.609375 0.60546875 0.130859375 0.103515625
12 0.685546875 0.4853515625 0.103515625 0.099609375
12 0.291015625 0.6513671875 0.0888671875 0.2255859375
12 0.466796875 0.1318359375 0.0693359375 0.0830078125
12 0.7177734375 0.265625 0.064453125 0.1083984375
12 0.65625 0.732421875 0.060546875 0.0673828125