5 0.4501953125 0.39453125 0.216796875 0.166015625
5 0.8310546875 0.4677734375 0.15625 0.107421875
5 0.65625 0.8330078125 0.123046875 0.13671875
5 0.2470703125 0.34375 0.05859375 0.064453125
5 0.4375 0.0185546875 0.1484375 0.037109375
5 0.65625 0.0595703125 0.162109375 0.10546875
5 0.412109375 0.25390625 0.150390625 0.109375
5 0.48046875 0.7470703125 0.056640625 0.087890625
5 0.5830078125 0.634765625 0.052734375 0.09375
5 0.7333984375 0.681640625 0.13671875 0.119140625
5 0.865234375 0.2919921875 0.072265625 0.16796875
5 0.37109375 0.1552734375 0.046875 0.1015625
12 0.2236328125 0.560546875 0.12890625 0.109375
12 0.349609375 0.7314453125 0.125 0.115234375
12 0.4453125 0.1396484375 0.060546875 0.12109375
12 0.673828125 0.4521484375 0.05859375 0.173828125
12 0.1787109375 0.427734375 0.125 0.107421875