5 0.4052734375 0.57421875 0.189453125 0.232421875
5 0.525390625 0.203125 0.123046875 0.1640625
5 0.869140625 0.4228515625 0.1484375 0.13671875
5 0.330078125 0.7705078125 0.0703125 0.064453125
5 0.02734375 0.53515625 0.0546875 0.15625
5 0.09375 0.32421875 0.12890625 0.171875
5 0.259765625 0.59375 0.125 0.16015625
5 0.7626953125 0.587890625 0.091796875 0.064453125
5 0.662109375 0.470703125 0.099609375 0.064453125
5 0.7275390625 0.326171875 0.1328125 0.146484375
5 0.353515625 0.1474609375 0.171875 0.091796875
5 0.1572265625 0.623046875 0.103515625 0.05859375
12 0.5439453125 0.8203125 0.123046875 0.13671875
12 0.7314453125 0.7158203125 0.125 0.134765625
12 0.150390625 0.5478515625 0.126953125 0.07421875
12 0.490234375 0.357421875 0.17578125 0.080078125
12 0.40625 0.84765625 0.119140625 0.134765625