2 0.2919921875 0.435546875 0.162109375 0.17578125
2 0.462890625 0.2275390625 0.138671875 0.1298828125
2 0.634765625 0.1640625 0.2392578125 0.16015625
2 0.716796875 0.2958984375 0.11328125 0.1259765625
2 0.8525390625 0.390625 0.1669921875 0.125
2 0.80859375 0.53515625 0.171875 0.173828125
2 0.6337890625 0.8916015625 0.193359375 0.13671875
2 0.76171875 0.751953125 0.171875 0.162109375
2 0.58984375 0.7548828125 0.197265625 0.146484375
2 0.41015625 0.8359375 0.1982421875 0.220703125
2 0.2255859375 0.7421875 0.220703125 0.1630859375
2 0.2431640625 0.625 0.236328125 0.1416015625
2 0.296875 0.2138671875 0.1572265625 0.173828125