5 0.1796875 0.498046875 0.150390625 0.166015625
5 0.33984375 0.326171875 0.169921875 0.1328125
5 0.5322265625 0.4619140625 0.134765625 0.099609375
5 0.6611328125 0.3984375 0.107421875 0.1171875
5 0.8076171875 0.6474609375 0.13671875 0.12109375
5 0.2001953125 0.76953125 0.06640625 0.125
5 0.5087890625 0.310546875 0.0546875 0.138671875
12 0.4189453125 0.814453125 0.177734375 0.255859375
12 0.296875 0.6533203125 0.201171875 0.111328125
12 0.61328125 0.71875 0.2109375 0.240234375
12 0.7666015625 0.2880859375 0.048828125 0.1171875
12 0.8046875 0.4794921875 0.130859375 0.1015625