5 0.46875 0.572265625 0.0625 0.09375
5 0.2705078125 0.65234375 0.0546875 0.125
5 0.396484375 0.7099609375 0.0703125 0.0869140625
5 0.5322265625 0.8935546875 0.0966796875 0.0771484375
5 0.7265625 0.490234375 0.0673828125 0.1640625
5 0.7470703125 0.7197265625 0.076171875 0.0830078125
5 0.240234375 0.3388671875 0.076171875 0.142578125
12 0.3388671875 0.4736328125 0.1142578125 0.1240234375
12 0.603515625 0.3857421875 0.07421875 0.1474609375
12 0.5302734375 0.376953125 0.1103515625 0.078125
12 0.609375 0.68359375 0.06640625 0.2275390625
12 0.53515625 0.1806640625 0.041015625 0.072265625
12 0.3427734375 0.8447265625 0.12109375 0.0966796875