5 0.255859375 0.451171875 0.064453125 0.12890625
5 0.3759765625 0.4130859375 0.095703125 0.177734375
5 0.29296875 0.650390625 0.064453125 0.123046875
5 0.408203125 0.703125 0.056640625 0.078125
5 0.419921875 0.6123046875 0.0703125 0.060546875
5 0.5703125 0.296875 0.080078125 0.111328125
5 0.720703125 0.3876953125 0.064453125 0.169921875
12 0.5498046875 0.7607421875 0.111328125 0.16015625
5 0.8046875 0.732421875 0.111328125 0.126953125
5 0.3779296875 0.5517578125 0.052734375 0.0390625
5 0.671875 0.8427734375 0.0625 0.12109375
5 0.4111328125 0.26953125 0.08203125 0.107421875
12 0.69140625 0.681640625 0.115234375 0.1640625
12 0.521484375 0.1494140625 0.0859375 0.08203125