5 0.5478515625 0.2412109375 0.1181640625 0.0517578125
5 0.59375 0.349609375 0.16015625 0.0751953125
5 0.3642578125 0.291015625 0.111328125 0.0517578125
5 0.3251953125 0.40234375 0.068359375 0.0478515625
5 0.41015625 0.40625 0.0517578125 0.0615234375
5 0.7177734375 0.521484375 0.09765625 0.06640625
5 0.64453125 0.66796875 0.1552734375 0.0458984375
12 0.2822265625 0.5400390625 0.142578125 0.0927734375
5 0.330078125 0.775390625 0.1123046875 0.09375
5 0.4638671875 0.3623046875 0.0341796875 0.0478515625
5 0.216796875 0.66015625 0.109375 0.0498046875
5 0.7294921875 0.37109375 0.0947265625 0.068359375
12 0.369140625 0.6650390625 0.146484375 0.095703125
12 0.8515625 0.4638671875 0.0712890625 0.07421875