5 0.443359375 0.189453125 0.138671875 0.083984375
5 0.5185546875 0.2919921875 0.1875 0.119140625
5 0.26171875 0.2861328125 0.130859375 0.08203125
5 0.248046875 0.4140625 0.083984375 0.06640625
5 0.337890625 0.3974609375 0.0703125 0.078125
5 0.6923828125 0.443359375 0.119140625 0.09375
5 0.650390625 0.6162109375 0.17578125 0.087890625
12 0.2353515625 0.5693359375 0.173828125 0.1328125
5 0.34375 0.8076171875 0.140625 0.126953125
5 0.3837890625 0.3369140625 0.046875 0.05859375
5 0.1953125 0.712890625 0.12890625 0.080078125
5 0.66796875 0.2822265625 0.1171875 0.095703125
12 0.357421875 0.6806640625 0.1796875 0.13671875
12 0.8193359375 0.3505859375 0.09375 0.09765625