12 0.4501953125 0.251953125 0.1640625 0.09765625
12 0.4794921875 0.544921875 0.115234375 0.0625
12 0.359375 0.72265625 0.119140625 0.08984375
12 0.765625 0.46875 0.078125 0.056640625
12 0.1533203125 0.6591796875 0.103515625 0.11328125
12 0.619140625 0.6923828125 0.064453125 0.041015625
5 0.619140625 0.5244140625 0.115234375 0.111328125
5 0.1943359375 0.3798828125 0.080078125 0.0546875
5 0.322265625 0.6005859375 0.0625 0.05859375
5 0.69921875 0.3505859375 0.107421875 0.1015625
5 0.46875 0.638671875 0.078125 0.060546875
5 0.685546875 0.6357421875 0.08984375 0.052734375
5 0.4443359375 0.83203125 0.076171875 0.08203125
5 0.7470703125 0.5654296875 0.052734375 0.04296875
5 0.330078125 0.3759765625 0.072265625 0.080078125