12 0.259765625 0.59765625 0.10546875 0.18359375
12 0.587890625 0.5703125 0.068359375 0.12890625
12 0.78515625 0.708984375 0.09765625 0.1328125
12 0.5087890625 0.2470703125 0.0625 0.087890625
12 0.7080078125 0.9326171875 0.123046875 0.1015625
12 0.7568359375 0.416015625 0.044921875 0.072265625
5 0.5673828125 0.412109375 0.123046875 0.126953125
5 0.3974609375 0.88671875 0.05859375 0.087890625
5 0.6474609375 0.7470703125 0.0625 0.068359375
5 0.375 0.3203125 0.111328125 0.119140625
5 0.6923828125 0.583984375 0.064453125 0.0859375
5 0.693359375 0.341796875 0.05859375 0.099609375
5 0.908203125 0.615234375 0.091796875 0.083984375
5 0.6171875 0.271484375 0.046875 0.05859375
5 0.3955078125 0.734375 0.087890625 0.080078125