1 0.640625 0.677734375 0.1572265625 0.2490234375
1 0.73828125 0.65234375 0.134765625 0.291015625
1 0.8916015625 0.490234375 0.1728515625 0.3447265625
1 0.3896484375 0.8486328125 0.1455078125 0.2333984375
1 0.5146484375 0.796875 0.1767578125 0.2109375
1 0.5078125 0.638671875 0.1611328125 0.1748046875
1 0.296875 0.6650390625 0.2373046875 0.234375
1 0.2939453125 0.462890625 0.1630859375 0.22265625
1 0.5048828125 0.4326171875 0.21484375 0.1875
1 0.611328125 0.3779296875 0.2109375 0.23828125
1 0.6904296875 0.21875 0.166015625 0.1962890625
1 0.1455078125 0.4462890625 0.220703125 0.1953125
1 0.380859375 0.2900390625 0.1953125 0.2138671875
1 0.345703125 0.1162109375 0.1298828125 0.15625