12 0.4384765625 0.626953125 0.123046875 0.140625
12 0.5947265625 0.3798828125 0.134765625 0.109375
12 0.6171875 0.490234375 0.08203125 0.119140625
12 0.1982421875 0.3828125 0.1015625 0.1640625
12 0.345703125 0.1962890625 0.09765625 0.09375
12 0.1865234375 0.783203125 0.140625 0.158203125
12 0.7099609375 0.138671875 0.150390625 0.08984375
5 0.30859375 0.5537109375 0.09375 0.126953125
5 0.533203125 0.7890625 0.12109375 0.09765625
5 0.6396484375 0.6826171875 0.080078125 0.1171875
5 0.8447265625 0.490234375 0.107421875 0.24609375
5 0.736328125 0.462890625 0.142578125 0.18359375
5 0.4306640625 0.3037109375 0.11328125 0.193359375