12 0.4296875 0.443359375 0.166015625 0.06640625
12 0.5107421875 0.5458984375 0.0439453125 0.080078125
12 0.2548828125 0.4951171875 0.06640625 0.0634765625
12 0.625 0.5361328125 0.076171875 0.044921875
12 0.251953125 0.4189453125 0.05078125 0.08984375
12 0.720703125 0.37109375 0.041015625 0.0556640625
5 0.4638671875 0.3671875 0.0439453125 0.05078125
5 0.4404296875 0.27734375 0.0712890625 0.0546875
5 0.587890625 0.6259765625 0.0517578125 0.060546875
5 0.419921875 0.5517578125 0.05859375 0.08203125
5 0.736328125 0.5732421875 0.0263671875 0.0732421875
5 0.619140625 0.3369140625 0.0546875 0.052734375