12 0.5634765625 0.5634765625 0.1796875 0.099609375
12 0.501953125 0.443359375 0.060546875 0.08984375
12 0.7509765625 0.544921875 0.080078125 0.076171875
12 0.3837890625 0.4306640625 0.0859375 0.060546875
12 0.7373046875 0.623046875 0.0703125 0.1015625
12 0.255859375 0.5791015625 0.052734375 0.064453125
5 0.513671875 0.6328125 0.0546875 0.05859375
5 0.51953125 0.728515625 0.083984375 0.068359375
5 0.4404296875 0.34765625 0.064453125 0.072265625
5 0.5947265625 0.4560546875 0.076171875 0.09375
5 0.279296875 0.37109375 0.041015625 0.078125
5 0.3515625 0.6337890625 0.06640625 0.064453125