12 0.5693359375 0.55859375 0.177734375 0.091796875
12 0.5009765625 0.4423828125 0.056640625 0.087890625
12 0.7548828125 0.5302734375 0.076171875 0.07421875
12 0.3837890625 0.435546875 0.083984375 0.056640625
12 0.74609375 0.6083984375 0.064453125 0.099609375
12 0.2626953125 0.58984375 0.05078125 0.0625
5 0.5244140625 0.630859375 0.05078125 0.056640625
5 0.5341796875 0.7255859375 0.08203125 0.064453125
5 0.4345703125 0.349609375 0.060546875 0.068359375
5 0.5947265625 0.44921875 0.072265625 0.091796875
5 0.275390625 0.3818359375 0.037109375 0.078125
5 0.361328125 0.6396484375 0.064453125 0.0625