5 0.5068359375 0.23828125 0.1708984375 0.1416015625
5 0.32421875 0.349609375 0.17578125 0.119140625
5 0.4765625 0.35546875 0.0869140625 0.056640625
5 0.1904296875 0.603515625 0.11328125 0.1767578125
5 0.6328125 0.6025390625 0.072265625 0.09765625
12 0.8388671875 0.6162109375 0.0546875 0.150390625
12 0.396484375 0.5625 0.1171875 0.1337890625
12 0.09765625 0.373046875 0.0673828125 0.1708984375
12 0.8828125 0.3232421875 0.162109375 0.0986328125
12 0.5556640625 0.7744140625 0.185546875 0.14453125
12 0.3359375 0.1533203125 0.076171875 0.119140625