5 0.4794921875 0.1923828125 0.193359375 0.162109375
5 0.283203125 0.322265625 0.197265625 0.13671875
5 0.451171875 0.3232421875 0.09765625 0.06640625
5 0.14453125 0.607421875 0.130859375 0.19921875
5 0.6318359375 0.587890625 0.08203125 0.109375
12 0.859375 0.5947265625 0.06640625 0.16796875
12 0.37109375 0.5537109375 0.134765625 0.15234375
12 0.037109375 0.3564453125 0.07421875 0.189453125
12 0.8955078125 0.271484375 0.181640625 0.115234375
12 0.5537109375 0.7802734375 0.208984375 0.16796875
12 0.2880859375 0.10546875 0.087890625 0.1328125