5 0.2421875 0.5205078125 0.169921875 0.1953125
5 0.3828125 0.69140625 0.146484375 0.197265625
5 0.3671875 0.5341796875 0.0703125 0.09765625
5 0.662109375 0.7919921875 0.197265625 0.140625
5 0.5966796875 0.33984375 0.111328125 0.087890625
12 0.5810546875 0.126953125 0.162109375 0.078125
12 0.58984375 0.5869140625 0.15234375 0.138671875
12 0.4384765625 0.9208984375 0.18359375 0.09375
12 0.275390625 0.1240234375 0.123046875 0.1796875
12 0.7841796875 0.392578125 0.173828125 0.2109375
12 0.1796875 0.7080078125 0.1328125 0.09375