1 0.875 0.5205078125 0.25 0.302734375
1 0.830078125 0.21875 0.265625 0.2265625
1 0.494140625 0.0830078125 0.2578125 0.166015625
1 0.5556640625 0.5126953125 0.25390625 0.2578125
1 0.72265625 0.369140625 0.287109375 0.240234375
1 0.591796875 0.3193359375 0.349609375 0.236328125
1 0.609375 0.189453125 0.30859375 0.240234375
1 0.3505859375 0.35546875 0.2734375 0.232421875
1 0.404296875 0.2275390625 0.267578125 0.208984375
1 0.748046875 0.7529296875 0.28515625 0.3125
1 0.3466796875 0.79296875 0.25 0.2109375
1 0.162109375 0.5517578125 0.232421875 0.208984375