1 0.3671875 0.8544921875 0.234375 0.291015625
1 0.6513671875 0.8544921875 0.1630859375 0.2685546875
1 0.876953125 0.5576171875 0.1787109375 0.2060546875
1 0.4443359375 0.5205078125 0.1982421875 0.193359375
1 0.5380859375 0.697265625 0.171875 0.2294921875
1 0.609375 0.591796875 0.154296875 0.291015625
1 0.72265625 0.634765625 0.16796875 0.2490234375
1 0.626953125 0.369140625 0.1669921875 0.21875
1 0.73046875 0.443359375 0.1484375 0.21875
1 0.19140625 0.6416015625 0.2451171875 0.2109375
1 0.2373046875 0.27734375 0.1513671875 0.2001953125
1 0.490234375 0.162109375 0.154296875 0.181640625