5 0.3154296875 0.5146484375 0.1591796875 0.08984375
5 0.447265625 0.341796875 0.119140625 0.064453125
5 0.482421875 0.462890625 0.1044921875 0.07421875
5 0.63671875 0.54296875 0.1044921875 0.09765625
3 0.5234375 0.6162109375 0.15625 0.23828125
3 0.267578125 0.318359375 0.109375 0.1650390625
3 0.4619140625 0.2900390625 0.2265625 0.0546875
3 0.5927734375 0.3701171875 0.1923828125 0.0869140625
3 0.7939453125 0.7060546875 0.1689453125 0.072265625
3 0.396484375 0.7529296875 0.24609375 0.12890625
5 0.1611328125 0.5634765625 0.158203125 0.18359375