5 0.6220703125 0.47265625 0.177734375 0.2109375
5 0.265625 0.2890625 0.162109375 0.16015625
5 0.16796875 0.12890625 0.181640625 0.21484375
5 0.0791015625 0.25 0.158203125 0.1640625
12 0.1298828125 0.416015625 0.232421875 0.25
12 0.875 0.1083984375 0.2109375 0.216796875
12 0.63671875 0.8974609375 0.111328125 0.134765625
12 0.7470703125 0.7880859375 0.11328125 0.1640625
12 0.53125 0.8359375 0.107421875 0.115234375
12 0.5771484375 0.310546875 0.119140625 0.1640625
12 0.75390625 0.517578125 0.107421875 0.193359375
5 0.705078125 0.345703125 0.205078125 0.17578125