5 0.5830078125 0.4462890625 0.111328125 0.1640625
5 0.4560546875 0.5859375 0.13671875 0.115234375
5 0.7001953125 0.5810546875 0.169921875 0.13671875
5 0.689453125 0.357421875 0.185546875 0.173828125
5 0.443359375 0.34375 0.125 0.17578125
5 0.15234375 0.4375 0.19921875 0.140625
5 0.26953125 0.373046875 0.181640625 0.240234375
5 0.193359375 0.5986328125 0.130859375 0.169921875
3 0.5263671875 0.185546875 0.15625 0.21484375
3 0.3701171875 0.203125 0.15625 0.125
3 0.5537109375 0.7236328125 0.193359375 0.109375
3 0.0810546875 0.6826171875 0.162109375 0.29296875
3 0.9404296875 0.4423828125 0.119140625 0.103515625
3 0.6357421875 0.7900390625 0.1171875 0.083984375
3 0.4931640625 0.8134765625 0.3125 0.158203125
3 0.28125 0.84765625 0.23828125 0.173828125
3 0.130859375 0.32421875 0.26171875 0.23046875