5 0.505859375 0.6181640625 0.166015625 0.11328125
5 0.44140625 0.439453125 0.1171875 0.138671875
5 0.330078125 0.658203125 0.138671875 0.169921875
5 0.5341796875 0.75390625 0.173828125 0.185546875
5 0.662109375 0.541015625 0.17578125 0.125
5 0.716796875 0.240234375 0.142578125 0.19921875
5 0.71875 0.373046875 0.240234375 0.18359375
5 0.5546875 0.2001953125 0.171875 0.130859375
3 0.7646484375 0.689453125 0.216796875 0.158203125
3 0.822265625 0.54296875 0.125 0.158203125
3 0.2734375 0.4609375 0.109375 0.193359375
3 0.53515625 0.0712890625 0.296875 0.142578125
3 0.3427734375 0.9306640625 0.103515625 0.10546875
3 0.17578125 0.501953125 0.0859375 0.119140625
3 0.2216796875 0.365234375 0.16015625 0.314453125
3 0.2919921875 0.16015625 0.173828125 0.23828125
3 0.8330078125 0.2646484375 0.232421875 0.28515625