11 0.7783203125 0.4609375 0.197265625 0.228515625
11 0.728515625 0.3232421875 0.228515625 0.248046875
11 0.669921875 0.2080078125 0.21484375 0.287109375
11 0.5576171875 0.1904296875 0.197265625 0.2734375
11 0.48828125 0.126953125 0.1875 0.22265625
11 0.38671875 0.1494140625 0.185546875 0.287109375
11 0.3095703125 0.169921875 0.1796875 0.287109375
11 0.251953125 0.2236328125 0.208984375 0.310546875
11 0.1669921875 0.6533203125 0.162109375 0.189453125
11 0.25390625 0.7587890625 0.16015625 0.228515625
11 0.359375 0.859375 0.15234375 0.265625
11 0.5224609375 0.8759765625 0.193359375 0.248046875
11 0.62890625 0.875 0.18359375 0.236328125
11 0.69921875 0.845703125 0.193359375 0.244140625
11 0.73828125 0.759765625 0.21875 0.23828125