2 0.4970703125 0.408203125 0.248046875 0.23046875
2 0.4794921875 0.2431640625 0.26171875 0.19921875
2 0.615234375 0.2578125 0.169921875 0.166015625
2 0.66796875 0.3359375 0.16796875 0.203125
2 0.7841796875 0.359375 0.169921875 0.16015625
2 0.6484375 0.55859375 0.1640625 0.23046875
2 0.7509765625 0.4912109375 0.185546875 0.259765625
2 0.7451171875 0.677734375 0.177734375 0.248046875
2 0.599609375 0.7109375 0.1875 0.1484375
2 0.623046875 0.833984375 0.1875 0.1640625
2 0.4765625 0.798828125 0.197265625 0.185546875