11 0.49609375 0.8271484375 0.23046875 0.189453125
11 0.65625 0.8212890625 0.248046875 0.22265625
11 0.794921875 0.80078125 0.294921875 0.19921875
11 0.8505859375 0.6884765625 0.283203125 0.181640625
11 0.912109375 0.6337890625 0.169921875 0.17578125
11 0.9013671875 0.521484375 0.197265625 0.15625
11 0.9013671875 0.431640625 0.197265625 0.15234375
11 0.8779296875 0.353515625 0.244140625 0.18359375
11 0.5029296875 0.1259765625 0.19140625 0.15625
11 0.36328125 0.181640625 0.236328125 0.146484375
11 0.2236328125 0.255859375 0.28125 0.1328125
11 0.1396484375 0.41796875 0.27734375 0.1796875
11 0.1181640625 0.53125 0.236328125 0.171875
11 0.123046875 0.61328125 0.24609375 0.1796875
11 0.1982421875 0.6845703125 0.23828125 0.21484375