2 0.365234375 0.4892578125 0.2421875 0.259765625
2 0.193359375 0.50390625 0.208984375 0.275390625
2 0.2119140625 0.36328125 0.171875 0.1796875
2 0.2939453125 0.310546875 0.21484375 0.17578125
2 0.3193359375 0.1904296875 0.16796875 0.1796875
2 0.5224609375 0.3330078125 0.244140625 0.17578125
2 0.4560546875 0.2275390625 0.271484375 0.193359375
2 0.6474609375 0.236328125 0.259765625 0.189453125
2 0.6796875 0.388671875 0.154296875 0.197265625
2 0.8076171875 0.3662109375 0.169921875 0.19921875
2 0.7685546875 0.5166015625 0.1953125 0.20703125