1 0.509765625 0.603515625 0.2109375 0.162109375
1 0.3037109375 0.4970703125 0.17578125 0.189453125
1 0.662109375 0.5029296875 0.306640625 0.1640625
1 0.6787109375 0.19921875 0.244140625 0.232421875
1 0.6279296875 0.068359375 0.197265625 0.13671875
1 0.4267578125 0.1044921875 0.216796875 0.201171875
1 0.27734375 0.232421875 0.263671875 0.169921875
1 0.0966796875 0.28515625 0.193359375 0.15625
1 0.068359375 0.5361328125 0.13671875 0.125
1 0.1708984375 0.62890625 0.22265625 0.11328125
1 0.3076171875 0.7392578125 0.3046875 0.140625
1 0.7158203125 0.6669921875 0.146484375 0.134765625
1 0.6064453125 0.8603515625 0.287109375 0.236328125
1 0.9013671875 0.5908203125 0.197265625 0.169921875