12 0.4970703125 0.5576171875 0.263671875 0.201171875
12 0.4638671875 0.8994140625 0.208984375 0.201171875
12 0.97265625 0.6923828125 0.0546875 0.162109375
12 0.849609375 0.5458984375 0.30078125 0.193359375
12 0.72265625 0.423828125 0.3046875 0.171875
12 0.1416015625 0.720703125 0.248046875 0.240234375
5 0.69140625 0.6826171875 0.392578125 0.228515625
5 0.2060546875 0.8662109375 0.203125 0.19140625
5 0.71484375 0.884765625 0.36328125 0.22265625
5 0.275390625 0.5380859375 0.130859375 0.123046875
10 0.6787109375 0.1376953125 0.537109375 0.275390625