12 0.51953125 0.435546875 0.232421875 0.154296875
12 0.6171875 0.1025390625 0.1689453125 0.1923828125
12 0.0693359375 0.2138671875 0.0673828125 0.1484375
12 0.1767578125 0.380859375 0.2822265625 0.1357421875
12 0.279296875 0.521484375 0.2783203125 0.1162109375
12 0.8935546875 0.345703125 0.2119140625 0.197265625
5 0.3564453125 0.279296875 0.359375 0.15625
5 0.8544921875 0.1943359375 0.169921875 0.154296875
5 0.373046875 0.08203125 0.3271484375 0.1611328125
5 0.7275390625 0.4951171875 0.1103515625 0.1005859375
10 0.251953125 0.8544921875 0.49609375 0.291015625