12 0.4970703125 0.439453125 0.26953125 0.193359375
12 0.5654296875 0.08984375 0.201171875 0.1796875
12 0.013671875 0.2470703125 0.02734375 0.166015625
12 0.138671875 0.4169921875 0.27734375 0.177734375
12 0.24609375 0.5595703125 0.31640625 0.158203125
12 0.87890625 0.298828125 0.2265625 0.234375
5 0.302734375 0.2880859375 0.408203125 0.212890625
5 0.8330078125 0.138671875 0.201171875 0.185546875
5 0.298828125 0.0888671875 0.373046875 0.177734375
5 0.7294921875 0.4794921875 0.1328125 0.12109375
10 0.28125 0.869140625 0.5078125 0.26171875