3 0.4091796875 0.68359375 0.083984375 0.08984375
3 0.779296875 0.47265625 0.0712890625 0.0859375
3 0.8447265625 0.69921875 0.072265625 0.07421875
3 0.5791015625 0.720703125 0.08203125 0.0830078125
3 0.5009765625 0.638671875 0.046875 0.09765625
3 0.330078125 0.521484375 0.0693359375 0.107421875
3 0.5341796875 0.1767578125 0.0615234375 0.0888671875
3 0.3203125 0.1826171875 0.0634765625 0.048828125
3 0.5322265625 0.9150390625 0.056640625 0.115234375
3 0.7412109375 0.8876953125 0.060546875 0.0751953125
3 0.08984375 0.6435546875 0.0986328125 0.0859375