3 0.5673828125 0.306640625 0.099609375 0.1015625
3 0.1728515625 0.5615234375 0.08203125 0.09765625
3 0.0888671875 0.3154296875 0.08203125 0.0859375
3 0.37890625 0.2763671875 0.09375 0.09375
3 0.4697265625 0.361328125 0.056640625 0.109375
3 0.6640625 0.48046875 0.08203125 0.123046875
3 0.4599609375 0.873046875 0.072265625 0.1015625
3 0.6943359375 0.853515625 0.072265625 0.05859375
3 0.419921875 0.064453125 0.068359375 0.125
3 0.1904296875 0.1015625 0.0703125 0.0859375
3 0.921875 0.3330078125 0.11328125 0.099609375