5 0.5517578125 0.4892578125 0.26953125 0.248046875
5 0.48046875 0.634765625 0.1875 0.154296875
5 0.1767578125 0.4423828125 0.11328125 0.119140625
5 0.65625 0.2734375 0.18359375 0.169921875
5 0.8486328125 0.4990234375 0.224609375 0.22265625
5 0.744140625 0.7890625 0.259765625 0.28515625
5 0.24609375 0.7509765625 0.111328125 0.12109375
12 0.33203125 0.5595703125 0.1484375 0.240234375
12 0.4619140625 0.275390625 0.12890625 0.2421875
12 0.798828125 0.6474609375 0.134765625 0.2109375
12 0.4736328125 0.052734375 0.173828125 0.10546875