5 0.517578125 0.5126953125 0.3125 0.294921875
5 0.4921875 0.673828125 0.2109375 0.1875
5 0.140625 0.5771484375 0.1328125 0.138671875
5 0.5546875 0.271484375 0.212890625 0.201171875
5 0.8076171875 0.4345703125 0.259765625 0.2578125
5 0.79296875 0.7470703125 0.30859375 0.330078125
5 0.2998046875 0.85546875 0.1328125 0.140625
12 0.326171875 0.646484375 0.193359375 0.265625
12 0.3681640625 0.3310546875 0.171875 0.259765625
12 0.802734375 0.5927734375 0.173828125 0.232421875
12 0.3115234375 0.0986328125 0.1953125 0.166015625