5 0.405273 0.574219 0.189453 0.232422
5 0.525391 0.203125 0.123047 0.164062
5 0.869141 0.422852 0.148438 0.136719
5 0.330078 0.770508 0.070312 0.064453
5 0.027344 0.535156 0.054688 0.156250
5 0.093750 0.324219 0.128906 0.171875
5 0.259766 0.593750 0.125000 0.160156
5 0.762695 0.587891 0.091797 0.064453
5 0.662109 0.470703 0.099609 0.064453
5 0.727539 0.326172 0.132812 0.146484
5 0.353516 0.147461 0.171875 0.091797
5 0.157227 0.623047 0.103516 0.058594
12 0.543945 0.820312 0.123047 0.136719
12 0.731445 0.715820 0.125000 0.134766
12 0.150391 0.547852 0.126953 0.074219
12 0.490234 0.357422 0.175781 0.080078
12 0.406250 0.847656 0.119141 0.134766
