5 0.454102 0.217773 0.058594 0.109375
5 0.315430 0.467773 0.097656 0.105469
5 0.471680 0.805664 0.141602 0.093750
5 0.808594 0.582031 0.087891 0.119141
5 0.217773 0.614258 0.092773 0.127930
5 0.612305 0.188477 0.055664 0.091797
5 0.751953 0.947266 0.045898 0.068359
5 0.806641 0.420898 0.032227 0.075195
12 0.190430 0.867188 0.131836 0.155273
12 0.294922 0.352539 0.073242 0.087891
12 0.751953 0.207031 0.079102 0.088867
12 0.927734 0.534180 0.071289 0.120117
12 0.933594 0.759766 0.089844 0.183594
12 0.311523 0.216797 0.083008 0.079102
