2 0.472656 0.532227 0.105469 0.123047
2 0.570312 0.407227 0.094727 0.128906
2 0.686523 0.280273 0.084961 0.117188
2 0.334961 0.542969 0.174805 0.135742
2 0.353516 0.744141 0.096680 0.138672
2 0.476562 0.725586 0.078125 0.087891
2 0.534180 0.660156 0.081055 0.134766
2 0.577148 0.544922 0.086914 0.113281
2 0.746094 0.495117 0.118164 0.082031
2 0.653320 0.435547 0.100586 0.100586
2 0.736328 0.604492 0.121094 0.103516
2 0.657227 0.715820 0.110352 0.095703
2 0.460938 0.383789 0.110352 0.074219
2 0.424805 0.441406 0.097656 0.081055
2 0.530273 0.283203 0.105469 0.095703
2 0.522461 0.330078 0.091797 0.066406
