1 0.709961 0.298828 0.361328 0.322266
1 0.422852 0.143555 0.380859 0.287109
1 0.191406 0.337891 0.371094 0.248047
1 0.118164 0.560547 0.236328 0.324219
1 0.319336 0.838867 0.250000 0.306641
11 0.488281 0.735352 0.166016 0.177734
11 0.667969 0.656250 0.222656 0.226562
11 0.511719 0.545898 0.210938 0.193359
11 0.335938 0.559570 0.181641 0.175781
11 0.416016 0.352539 0.179688 0.208984
1 0.883789 0.519531 0.232422 0.207031
1 0.884766 0.672852 0.218750 0.244141
1 0.691406 0.885742 0.166016 0.166016
1 0.547852 0.913086 0.255859 0.173828
