1 0.640625 0.677734 0.157227 0.249023
1 0.738281 0.652344 0.134766 0.291016
1 0.891602 0.490234 0.172852 0.344727
1 0.389648 0.848633 0.145508 0.233398
1 0.514648 0.796875 0.176758 0.210938
1 0.507812 0.638672 0.161133 0.174805
1 0.296875 0.665039 0.237305 0.234375
1 0.293945 0.462891 0.163086 0.222656
1 0.504883 0.432617 0.214844 0.187500
1 0.611328 0.377930 0.210938 0.238281
1 0.690430 0.218750 0.166016 0.196289
1 0.145508 0.446289 0.220703 0.195312
1 0.380859 0.290039 0.195312 0.213867
1 0.345703 0.116211 0.129883 0.156250
