5 0.653320 0.748047 0.091797 0.164062
5 0.520508 0.337891 0.121094 0.072266
5 0.208984 0.378906 0.107422 0.101562
5 0.350586 0.332031 0.113281 0.107422
5 0.596680 0.125000 0.082031 0.060547
5 0.428711 0.135742 0.068359 0.062500
5 0.296875 0.782227 0.078125 0.132812
5 0.527344 0.527344 0.056641 0.117188
5 0.691406 0.324219 0.031250 0.031250
5 0.860352 0.239258 0.066406 0.070312
12 0.278320 0.503906 0.099609 0.107422
12 0.107422 0.500000 0.062500 0.048828
12 0.360352 0.184570 0.078125 0.089844
12 0.626953 0.571289 0.095703 0.128906
12 0.775391 0.354492 0.117188 0.064453
12 0.528320 0.152344 0.027344 0.072266
12 0.371094 0.094727 0.056641 0.091797
