1 0.592773 0.707031 0.216797 0.285156
1 0.697266 0.706055 0.205078 0.320312
1 0.879883 0.583984 0.240234 0.382812
1 0.303711 0.815430 0.201172 0.267578
1 0.439453 0.793945 0.226562 0.251953
1 0.472656 0.636719 0.203125 0.214844
1 0.257812 0.610352 0.292969 0.289062
1 0.303711 0.410156 0.216797 0.259766
1 0.521484 0.431641 0.257812 0.238281
1 0.638672 0.404297 0.267578 0.287109
1 0.755859 0.266602 0.210938 0.234375
1 0.163086 0.356445 0.265625 0.248047
1 0.432617 0.260742 0.246094 0.259766
1 0.441406 0.086914 0.167969 0.173828
