1 0.650391 0.277344 0.324219 0.287109
1 0.376953 0.144531 0.345703 0.255859
1 0.171875 0.340820 0.335938 0.214844
1 0.107422 0.550781 0.214844 0.292969
1 0.311523 0.816406 0.222656 0.316406
11 0.465820 0.695312 0.146484 0.158203
11 0.628906 0.613281 0.201172 0.203125
11 0.478516 0.516602 0.187500 0.171875
11 0.316406 0.539062 0.162109 0.154297
11 0.378906 0.342773 0.158203 0.187500
1 0.853516 0.475586 0.269531 0.187500
1 0.842773 0.617188 0.220703 0.220703
1 0.661133 0.824219 0.146484 0.146484
1 0.529297 0.877930 0.230469 0.193359
