5 0.225586 0.602539 0.121094 0.078125
5 0.500977 0.692383 0.125000 0.117188
5 0.807617 0.470703 0.121094 0.160156
5 0.520508 0.179688 0.136719 0.111328
5 0.666016 0.760742 0.144531 0.117188
5 0.166016 0.450195 0.103516 0.074219
5 0.894531 0.165039 0.078125 0.058594
5 0.359375 0.211914 0.080078 0.044922
12 0.916992 0.738281 0.166016 0.160156
12 0.390625 0.734375 0.101562 0.089844
12 0.157227 0.307617 0.103516 0.095703
12 0.449219 0.069336 0.132812 0.093750
12 0.672852 0.041016 0.201172 0.082031
12 0.251953 0.745117 0.095703 0.097656
