2 0.465820 0.470703 0.125000 0.105469
2 0.591797 0.568359 0.128906 0.095703
2 0.719727 0.686523 0.119141 0.085938
2 0.454102 0.331055 0.136719 0.175781
2 0.250977 0.349609 0.140625 0.097656
2 0.269531 0.474609 0.089844 0.078125
2 0.335938 0.532227 0.136719 0.082031
2 0.453125 0.576172 0.115234 0.087891
2 0.502930 0.747070 0.082031 0.119141
2 0.563477 0.653320 0.101562 0.101562
2 0.391602 0.737305 0.105469 0.121094
2 0.280273 0.657227 0.097656 0.111328
2 0.616211 0.458984 0.074219 0.111328
2 0.557617 0.421875 0.082031 0.097656
2 0.717773 0.528320 0.097656 0.105469
2 0.669922 0.520508 0.066406 0.093750
