5 0.450195 0.394531 0.216797 0.166016
5 0.831055 0.467773 0.156250 0.107422
5 0.656250 0.833008 0.123047 0.136719
5 0.247070 0.343750 0.058594 0.064453
5 0.437500 0.018555 0.148438 0.037109
5 0.656250 0.059570 0.162109 0.105469
5 0.412109 0.253906 0.150391 0.109375
5 0.480469 0.747070 0.056641 0.087891
5 0.583008 0.634766 0.052734 0.093750
5 0.733398 0.681641 0.136719 0.119141
5 0.865234 0.291992 0.072266 0.167969
5 0.371094 0.155273 0.046875 0.101562
12 0.223633 0.560547 0.128906 0.109375
12 0.349609 0.731445 0.125000 0.115234
12 0.445312 0.139648 0.060547 0.121094
12 0.673828 0.452148 0.058594 0.173828
12 0.178711 0.427734 0.125000 0.107422
