1 0.366211 0.521484 0.166016 0.208984
1 0.454102 0.320312 0.189453 0.177734
1 0.471680 0.659180 0.173828 0.298828
1 0.759766 0.655273 0.232422 0.244141
1 0.900391 0.596680 0.181641 0.199219
1 0.832031 0.411133 0.203125 0.216797
1 0.702148 0.277344 0.175781 0.257812
1 0.637695 0.103516 0.162109 0.207031
1 0.399414 0.085938 0.128906 0.167969
1 0.320312 0.205078 0.123047 0.216797
1 0.224609 0.340820 0.154297 0.294922
1 0.320312 0.721680 0.134766 0.146484
1 0.129883 0.629883 0.242188 0.285156
1 0.405273 0.896484 0.177734 0.207031
