11 0.778320 0.460938 0.197266 0.228516
11 0.728516 0.323242 0.228516 0.248047
11 0.669922 0.208008 0.214844 0.287109
11 0.557617 0.190430 0.197266 0.273438
11 0.488281 0.126953 0.187500 0.222656
11 0.386719 0.149414 0.185547 0.287109
11 0.309570 0.169922 0.179688 0.287109
11 0.251953 0.223633 0.208984 0.310547
11 0.166992 0.653320 0.162109 0.189453
11 0.253906 0.758789 0.160156 0.228516
11 0.359375 0.859375 0.152344 0.265625
11 0.522461 0.875977 0.193359 0.248047
11 0.628906 0.875000 0.183594 0.236328
11 0.699219 0.845703 0.193359 0.244141
11 0.738281 0.759766 0.218750 0.238281
