12 0.351562 0.458008 0.120117 0.101562
12 0.611328 0.570312 0.088867 0.116211
12 0.509766 0.607422 0.105469 0.064453
12 0.547852 0.193359 0.148438 0.075195
12 0.747070 0.304688 0.078125 0.082031
12 0.164062 0.242188 0.135742 0.116211
12 0.858398 0.643555 0.066406 0.135742
5 0.402344 0.324219 0.114258 0.073242
5 0.211914 0.573242 0.078125 0.105469
5 0.329102 0.658203 0.105469 0.061523
5 0.543945 0.824219 0.230469 0.067383
5 0.552734 0.716797 0.163086 0.113281
5 0.658203 0.402344 0.175781 0.083008
