5 0.547852 0.241211 0.118164 0.051758
5 0.593750 0.349609 0.160156 0.075195
5 0.364258 0.291016 0.111328 0.051758
5 0.325195 0.402344 0.068359 0.047852
5 0.410156 0.406250 0.051758 0.061523
5 0.717773 0.521484 0.097656 0.066406
5 0.644531 0.667969 0.155273 0.045898
12 0.282227 0.540039 0.142578 0.092773
5 0.330078 0.775391 0.112305 0.093750
5 0.463867 0.362305 0.034180 0.047852
5 0.216797 0.660156 0.109375 0.049805
5 0.729492 0.371094 0.094727 0.068359
12 0.369141 0.665039 0.146484 0.095703
12 0.851562 0.463867 0.071289 0.074219
