5 0.255859 0.451172 0.064453 0.128906
5 0.375977 0.413086 0.095703 0.177734
5 0.292969 0.650391 0.064453 0.123047
5 0.408203 0.703125 0.056641 0.078125
5 0.419922 0.612305 0.070312 0.060547
5 0.570312 0.296875 0.080078 0.111328
5 0.720703 0.387695 0.064453 0.169922
12 0.549805 0.760742 0.111328 0.160156
5 0.804688 0.732422 0.111328 0.126953
5 0.377930 0.551758 0.052734 0.039062
5 0.671875 0.842773 0.062500 0.121094
5 0.411133 0.269531 0.082031 0.107422
12 0.691406 0.681641 0.115234 0.164062
12 0.521484 0.149414 0.085938 0.082031
